    2.1753   10.9112    2.3006         0
    1.3235   10.2424    2.2248    2.0781
    1.9417   10.9939    1.5099    1.5248
    1.8999   10.8460    2.0435    1.3899
    1.5029   12.2964    2.7124    2.6920
    1.4016   12.4327    2.0075    2.6235
    2.0252   12.6098    2.8091    2.7090
    1.7865   11.7332    2.3695    3.4459
    2.1653   14.3162    2.3588    3.1468
    1.8483   13.0466    2.0233    3.9485
    1.9123   14.1292    2.3888    4.8732
    2.2503   14.5681    1.7327    6.1925
    2.0155   12.8422    1.7183    8.5000
    1.7180   13.0998    1.5507    9.6583
    1.6977   14.0139    2.2667    9.3216
    2.4770   12.1095    1.8454   11.2279
    1.7227   12.1932    2.2603    9.7333
    1.2836   11.5359    2.0500   10.7370
    2.2274   10.7233    2.5916   10.7748
    2.0570    9.0100    3.0802   11.3630
    1.6551    9.2653    2.6054   10.5586
    1.3298    9.8209    1.9077   10.3960
    2.8556    8.7495    2.3000   11.1037
    2.5313    8.5735    2.1585   14.3338
    2.5527    9.1650    2.2603   12.9998
    1.5580    8.5852    1.9025   14.0073
    2.0453    8.3975    2.7215   14.5635
    1.9457    7.7715    2.2085   14.3817
    2.0440    8.0494    2.0858   13.7135
    2.1977    7.6302    2.8047   15.2995
    1.9310    8.7044    1.5385   16.8894
    1.8523   10.6484    1.9102   18.0571
    2.1037   11.0680    2.5828   18.7932
    1.9216   10.7345    2.4133   19.4914
    2.0360   11.6742    2.7855   18.3049
    1.9084   10.3344    2.0957   17.9891
    1.9794    9.1123    2.1599   17.5379
    2.9744    9.4658    2.7663   16.4764
    1.6644    7.4636    2.1924   17.8998
    2.3249    8.8007    2.7145   16.6978
    1.6763    9.1000    1.9884   17.2614
    2.2129    9.2770    2.6227   19.4287
    1.1045    9.3721    2.5778   20.3308
    2.7326   11.6284    2.4694   18.1263
    1.9754    9.7228    2.1274   19.7778
    1.3990    9.9789    2.2122   19.1985
    1.9959    9.6068    2.8799   19.3350
    1.8948   10.3672    2.4323   20.8945
    2.3314   10.1993    2.5232   21.4259
    2.0897    9.5071    2.4857   21.2650
    1.8555    9.9938    0.9225   21.1694
    2.3131   10.2335    3.4484   22.6153
    1.5279   11.6485    2.4271   21.9353
    1.8102   11.1285    2.1760   21.8570
    1.9177   12.7389    2.3999   23.6027
    2.2676   11.7522    2.3001   24.2222
    1.9112   11.6765    3.0425   23.7660
    2.0264    9.3331    2.8552   24.9796
    1.9539   10.0545    2.6579   25.7668
    2.5731   11.4872    2.9565   26.1258
    2.2474   10.4642    2.7055   24.5219
    1.4499   10.4940    2.6106   22.6358
    1.6468   13.4506    2.8386   22.8604
    1.5585   12.0737    2.7725   21.2080
    2.7274   10.9471    3.2434   21.9911
    1.8208    8.5538    2.4429   22.6834
    1.5574   10.0156    2.7650   23.8459
    2.3927    7.6676    2.4448   24.1301
    1.6738    9.4036    2.3820   25.6930
    2.0216   10.1684    3.3393   27.2028
    1.9036   10.6075    2.5201   27.5228
    2.3619   11.7912    2.6289   27.5671
    1.6923    9.8477    2.9261   27.2823
    1.9956    8.7521    2.6624   29.6716
    2.2319    7.6169    3.3894   29.8658
    2.4789    8.2519    2.1925   30.0114
    1.6808    7.9951    2.0822   31.3793
    2.0429    6.2840    2.3638   32.1657
    1.4086    7.7632    2.6608   34.2190
    2.6450    7.6082    2.2254   33.1796
    2.6101    8.6097    2.7052   31.4876
    1.6804    7.9881    2.7686   32.2782
    2.4154    8.5467    2.9775   31.4970
    2.0600   10.5704    2.2628   31.2140
    2.0496   10.2940    3.0647   32.8813
    2.2808    9.5567    2.8355   32.3875
    2.0971    9.1784    2.7654   33.4221
    1.9876    9.2585    2.7684   32.9623
    1.6342    9.7821    2.4721   31.7494
    1.6006    9.8614    2.7620   30.6463
    1.9789    9.0143    3.2606   30.5483
    2.6446    8.8483    3.0863   30.1802
    1.9519   10.6860    3.0913   31.5077
    2.8548   11.8675    3.1990   31.7332
    1.9450   10.5753    2.7817   34.5234
    1.8855   10.3350    3.0936   34.0007
    2.3529   11.0442    2.5982   35.4266
    2.1001   11.2401    2.9746   35.0089
    1.6376   11.3804    3.0170   36.3181
    1.6493    9.3315    2.8647   37.7250
    1.9841   10.7167    2.9737   37.6575
    2.4221    9.8545    2.2603   38.0542
    2.8243    9.2107    2.9535   37.9309
    1.5633   10.0905    2.4282   37.8653
    1.7923   10.6821    3.6221   37.3697
    1.7365   10.9920    2.9782   37.2099
    2.2044   12.4276    2.9694   39.7186
    2.0414   10.8134    3.1512   41.7567
    1.8862    9.3251    2.6498   43.0101
    2.1688   10.1047    2.8510   43.5508
    1.2946   10.7251    2.8754   45.2476
    1.3219   10.3531    3.2975   45.0180
    1.2534   10.7455    2.9406   43.4951
    1.6928    9.7084    3.2091   44.4681
    2.3241   10.2227    3.3246   44.4859
    1.7360   10.0394    3.6692   43.0337
    1.5749   11.4063    2.6431   42.8992
    2.6568   10.7438    3.1230   41.6424
    2.0841    9.8977    3.9646   43.3615
    1.7077   10.8180    3.4078   42.7164
    1.9228   10.9672    3.2222   43.0417
    2.2275   10.0574    3.1393   42.3616
    1.6385   10.9803    4.3504   42.1701
    1.6692   10.0144    3.0957   42.5369
    1.4283   10.2304    2.9391   41.6062
    2.3328    9.9678    3.1557   42.3761
    1.5972    8.9789    2.4856   42.9089
    1.4633   10.3174    2.9478   44.1547
    1.9724   11.3510    3.1803   42.6463
    1.4303   10.3637    2.8167   40.0781
    2.1581    9.6217    3.1221   40.4639
    1.7264    9.8150    3.6688   40.8928
    3.1221   10.3031    3.1272   40.7019
    1.8124    9.2517    3.1764   41.8019
    1.7844    8.5576    2.9545   42.2749
    1.9602    8.5119    3.6052   41.8101
    2.3084    8.7289    3.2449   43.3656
    1.3289    8.5272    3.5558   42.7183
    2.0516    9.0041    3.2757   43.6925
    2.5079   10.1740    4.0070   44.7046
    1.5258   11.5232    4.3505   45.3516
    1.9078   10.3581    3.1098   46.1520
    2.0795    9.6836    3.3649   46.6837
    1.8945   10.9519    4.0599   45.7562
    1.8606   11.0659    3.2922   44.2914
    2.1222   10.3496    3.1021   45.2354
    1.9614   10.0605    3.7284   46.7236
    2.3348   11.8128    4.1417   48.4356
    2.0410   10.2189    4.1463   47.6049
    2.3348    8.6706    3.6479   46.5088
    2.5629    9.3801    3.9328   46.6313
    1.7911    9.5688    3.4132   47.6926
    2.5789   11.2113    3.7610   47.1298
    1.5747   10.9525    3.2944   47.0129
    1.3573   11.1083    3.3948   47.4926
    1.8942   10.6738    3.9025   47.4800
    1.4805   10.9714    3.3427   47.9239
    2.4279    9.9664    3.7583   49.2434
    1.9953    9.7541    4.5593   47.5160
    1.8617    7.0721    3.7190   48.5067
    2.2467    7.9659    3.2627   46.8946
    2.4685    8.0907    3.7993   46.3622
    2.2096    8.3149    2.9578   47.1484
    2.2045    7.9986    2.8985   45.6802
    2.1686    9.2229    2.9887   46.7080
    1.9660    8.1826    3.7245   46.8541
    1.8907    9.3565    4.1318   48.0190
    1.5639    9.7280    3.3621   48.6973
    1.3311   10.3705    3.5436   46.7905
    1.9420   10.8936    3.6895   45.7953
    2.2039    9.4100    3.4352   45.2846
    1.4475    8.1854    3.3301   46.9886
    2.4157    8.4625    3.7217   48.1925
    1.4174    8.2268    3.3166   48.9519
    1.9879    7.5607    4.2966   49.2929
    1.3555    9.0720    3.7702   49.8566
    2.2534    8.4475    3.6694   51.9883
    1.6062    9.0450    3.9619   50.7471
    1.7849    7.2804    4.5078   50.6734
    2.0282    7.7268    3.1640   50.0426
    1.3392    9.5009    4.2998   50.3780
    1.9770    9.1888    3.3555   52.1320
    1.4504   11.1284    3.9481   52.8184
    2.2707   10.8471    4.1076   52.9205
    2.5227   10.6387    3.3504   52.5858
    1.7727   11.8891    4.0918   52.4792
    2.4607   12.4377    4.0980   51.6450
    2.3175   12.7641    3.8596   50.2821
    2.4472   12.3054    3.4339   49.7679
    1.9526   12.9713    4.5404   49.4067
    2.2538   12.6982    3.9194   50.5165
    2.0647   12.9805    3.7703   49.6248
    2.1686   12.4908    3.6589   49.8164
    2.6712   13.4125    4.3615   48.3578
    2.1112   12.3437    3.2219   48.2824
    2.1256   11.8174    3.3592   49.6335
    3.1112   10.6234    3.8719   48.6820
    1.7922   10.5241    4.3157   47.7820
    2.4635   11.6281    3.7406   49.1783
    2.1062   11.5342    4.0376   48.9596
    1.2967   11.0221    4.1266   50.1888
    1.4759   12.7010    4.7797   50.2451
    2.5876   11.5369    3.8270   53.2373
    1.0600   10.6179    4.0952   54.3071
    1.3624   10.5815    3.4842   54.3527
    1.5583   11.9371    3.8412   55.2743
    1.7866   10.8924    4.2196   55.2076
    1.6917   10.1640    4.4314   54.7313
    1.7172    9.3138    4.3272   55.9908
    2.0646   10.1599    4.5805   56.0494
    2.8056   11.0639    3.5703   58.3293
    2.6746   12.3023    2.9649   58.4999
    1.8398   12.2618    3.7720   56.5715
    1.7285   11.6996    3.4784   56.3322
    2.5333    9.6751    3.8591   57.0179
    2.5777   11.6327    4.1818   56.8268
    2.4880   12.9961    4.8592   55.6117
    2.1217   13.9044    3.6450   55.8343
    2.5576   14.3103    4.7470   56.9024
    2.2210   13.0186    4.3381   56.9375
    1.8320   13.9943    4.9359   56.8702
    2.1428   12.3165    4.3185   57.6421
    1.6410   12.7849    4.9574   57.8104
    1.3878   12.4332    4.0635   58.2248
    1.9746   12.4949    4.2969   56.9362
    1.9511   11.5981    4.0872   57.7978
    1.9711   11.1435    4.7114   58.0473
    1.9547   12.4696    4.2251   58.9955
    2.2009    9.9159    4.2997   58.7539
    1.7327    9.3853    4.2791   59.5728
    1.9838    8.5258    4.7475   59.2326
    2.4255    8.8992    4.3963   59.4009
    1.9534    8.9381    4.1797   57.9016
    2.0513    8.5291    4.5592   58.7616
    1.2213    7.0986    3.8922   58.2206
    2.1145    7.4909    4.2338   58.0801
    1.7564    7.4969    4.7045   57.3945
    1.9707    7.5912    4.1907   56.8826
    2.3131    5.9401    4.3474   55.1198
    0.9781    9.1031    4.3678   53.6926
    2.6869    9.0086    4.4279   52.9159
    2.3336   10.0083    4.9022   52.5881
    1.8754    7.5836    4.7009   51.1523
    1.6284    8.3832    4.7301   51.2859
    1.6867    8.8832    4.8541   51.2545
    2.5232    8.6606    3.8165   50.7177
    2.1150    7.0017    4.6929   50.0400
    1.9260    7.6156    3.7814   51.4883
    1.7841    9.9902    4.2432   50.7447
    0.9907   10.3209    5.1083   51.7188
    2.6852    8.9920    4.1941   52.0138
    2.0056    7.3071    4.5652   53.8558
    2.2403    7.2343    4.4462   53.3880
    2.4214    9.4243    5.0047   53.6784
    2.3696    8.7596    4.3642   54.0559
    1.6720    8.6995    3.9287   51.8631
    1.8048    8.8314    4.3965   52.2782
    1.7950    9.7211    4.9267   54.2892
    2.3062    9.3164    4.4886   54.7862
    1.9478   10.7821    4.6622   55.1429
    1.4392   10.4398    4.2582   56.9200
    2.1483   10.5662    4.9771   58.1242
    1.7257    8.8896    4.1011   56.5827
    1.8242    8.9423    3.9650   57.5473
    1.3510    9.4226    5.0723   56.1405
    2.3717    9.5604    4.3529   58.2181
    2.0901   10.6105    5.5759   58.3416
    1.9327   11.4023    4.9677   58.1639
    1.4903   13.2031    4.4982   59.1579
    1.7175   12.6024    4.8106   58.1278
    2.2598   12.0727    4.8189   57.8838
    1.5527   11.5042    5.5768   58.5614
    2.0479   11.9505    4.4845   58.9306
    1.9997   11.3090    5.0559   59.2030
    1.6470   10.5803    3.9749   60.0800
    1.9419   10.4496    4.8305   59.1294
    1.1901   11.1263    5.6432   59.2659
    2.0427   10.8512    5.5547   59.3271
    3.0045   10.7034    4.9519   58.9002
    2.0448   11.4631    5.0465   59.7773
    2.0001   11.2093    5.0055   59.2558
    2.1726   12.0573    5.0621   60.1961
    2.5569   10.2664    5.0975   60.1177
    1.7503   12.1601    5.3067   63.2529
    2.3788   13.2918    4.6966   62.9410
    1.9936   13.0845    5.4703   63.8858
    1.6765   14.0657    5.1953   64.5305
    2.1881   13.6785    5.1873   66.4173
    2.2969   14.4085    5.0505   68.2329
    2.0945   12.6506    5.1540   67.5353
    1.5394   13.1602    4.8052   67.8800
    2.2819   11.9171    5.0850   70.0835
    1.6741   12.6159    4.8614   70.5523
    2.6070   13.0319    4.8750   69.2121
    2.0442   11.0951    4.8123   69.5062
    1.5765    9.9091    5.1964   71.6630
    1.3948   11.5752    4.5252   71.6384
    2.2164   11.8704    4.6369   69.9018
    1.5227   10.4444    4.8828   71.0964
    2.0941    9.6204    4.3581   71.2276
    0.9414   10.4824    4.6233   72.0855
    1.6499   10.6289    4.8825   70.4199
    2.5553   10.2795    5.0146   69.9860
    1.6727    9.0492    5.2656   69.3445
    2.2701    9.3598    4.8125   69.1296
    2.7393    9.6703    4.9078   67.8425
    1.9468    9.4691    5.1199   66.1460
    2.7022    8.1331    4.2938   65.3741
    1.3499    8.8188    4.8001   67.7044
    1.7047    9.9349    4.4645   68.0294
    2.6684    8.3897    5.2926   68.0263
    2.1946    8.8598    4.1452   69.8663
    1.9208   10.2203    5.1633   70.8176
    1.6594    9.9849    5.1355   73.1527
    2.5300    8.8742    4.7245   72.6816
    2.0196    8.6949    4.9510   73.2077
    2.4790    8.8962    4.6978   73.3771
    1.8808    7.6904    5.9204   74.4217
    1.8175    7.3726    5.7792   74.3515
    1.6953    8.8448    5.3118   75.1843
    2.3355   10.2020    5.2737   75.3107
    1.8812   10.2922    5.4437   76.4335
    2.1098    7.5034    4.5118   75.6158
    2.0871    8.0208    5.0795   75.2054
    2.2171    7.7179    4.9593   75.3207
    2.0563    8.2076    4.9384   75.1118
    2.2876    9.1562    5.8400   75.5395
    1.9114    8.5123    4.7657   75.2546
    1.5414   10.2818    5.1644   75.6331
    2.3333   10.6300    5.4022   76.8671
    1.4003   10.9494    5.5985   77.0314
    1.4704   12.7208    4.6748   76.6621
    2.1440   11.7467    5.8179   76.3297
    2.0718   11.0696    6.0686   76.5656
    2.5172    9.7792    4.8791   76.7316
    1.8103    9.1736    5.0283   76.2309
    2.5834    6.6777    5.2780   75.1373
    1.5761    6.7022    4.4686   76.1463
    2.0106    7.6144    5.8053   76.4262
    1.8720    8.1773    4.9681   76.5974
    1.8269   10.3231    5.5435   76.1484
    2.0722   10.5414    5.8197   75.6882
    2.3634   10.0217    5.6265   76.4923
    2.1267    8.6143    5.7435   76.0086
    1.9428    9.4014    5.9286   78.0580
    2.6190    8.0912    5.6334   78.5247
    2.4133    8.8476    5.5572   80.0876
    1.2733    7.1230    5.2945   80.2933
    1.8293    8.4072    5.4279   80.9226
    1.9003    8.0171    5.1206   79.5153
    2.2812   10.0180    5.1843   80.2230
    2.5203   11.1924    5.1941   78.5275
    2.1254   10.0050    5.6004   79.1958
    1.8957   10.3333    5.5437   79.4364
    2.3576    9.8734    5.3644   79.3445
    2.2071    9.2932    4.7279   79.1363
    2.3414    9.2918    5.2586   78.8914
    2.5112    8.8819    5.0093   78.5030
    2.2137    9.3080    5.9051   78.4878
    1.9755    9.3671    5.0517   77.8431
    2.0784   10.4426    5.1996   77.0484
    1.4434    9.4098    5.5094   78.4857
    1.9192   10.1294    5.8711   75.9640
    2.0620   11.6078    5.5925   76.4063
    2.1469   11.0501    5.4797   76.6385
    2.0172   10.0040    5.8013   77.1600
    2.0596   10.7526    5.4075   78.6430
    2.0446   11.3323    5.1692   79.2953
    1.6214    9.5523    5.7624   77.9641
    1.4639   10.6551    5.3490   77.8139
    2.1528   11.6205    5.9389   77.6548
    2.1373   12.6895    5.8479   77.6660
    2.4275   11.8140    6.1155   78.9367
    1.7967   10.5887    6.1453   79.8658
    1.9156    8.5902    6.6282   79.8690
    1.8306    8.8866    5.9315   79.4576
    2.8703    9.3787    5.7260   80.4382
    2.3531    8.9212    6.1524   81.1551
    2.6153   10.3199    6.6747   82.9390
    2.1360    9.7520    6.4503   83.7572
    2.3647    8.0044    5.6880   83.1583
    1.7492   10.1294    6.2397   84.4122
    1.8963   10.8521    5.7421   84.6963
    1.3077    9.4808    5.0631   84.6321
    2.2816   10.9648    5.7591   87.1126
    1.9165    9.8351    5.9819   86.0594
    2.3050   10.2441    5.3672   87.7524
    1.8539   10.2398    6.2746   88.2889
    1.1972    8.9427    5.8006   88.5060
    2.0860   10.6025    5.8910   88.1559
    1.8423    9.5237    6.2202   88.9756
    1.8419    9.4126    6.4139   88.2540
    2.0870    8.5906    5.3099   88.2608
    2.7764    7.1334    6.6436   88.8192
    2.1092    9.1657    5.8573   89.5013
    2.4504    9.0806    6.0065   89.5096
    2.7935    9.7374    6.0251   89.3300
    1.4894    8.4603    5.8610   88.5105
    2.1762    7.5302    5.8443   88.0849
    2.3469    6.4210    6.1335   88.6124
    2.3900    8.1103    6.2673   89.7717
    1.7810    6.8157    5.7438   89.9012
    1.8732    7.6952    5.5908   89.5114
    2.0503    8.7898    5.7163   90.5954
    2.0698    9.3429    5.8702   90.8789
    2.5083    9.0137    6.3845   91.0617
    1.2071   10.9432    5.6368   91.2252
    1.2471   12.2528    5.8869   90.8509
    1.8393   13.3825    6.4115   91.9971
    1.8390   12.4914    6.4288   91.9728
    1.8506   13.0366    5.4646   93.3829
    1.4162   12.4289    5.5283   93.6116
    1.4855   11.0113    6.3315   94.7343
    1.9078    9.8377    5.8152   94.7794
    2.5345   11.5973    5.5741   93.4116
    2.2652   11.0641    5.6085   93.1823
    2.2940    9.9497    6.2783   91.1298
    2.6597   10.3220    5.8869   92.4005
    2.7153    9.8585    5.7550   93.9119
    2.1280    9.8441    6.0340   92.8193
    1.5806    9.9845    6.6369   92.6994
    2.0220    8.9332    6.9038   92.9823
    1.8462    9.7825    6.4142   92.7576
    2.4411   10.4584    6.1975   94.8760
    1.8063   11.7500    5.9094   94.9088
    0.8626   12.4809    5.5185   95.8428
    1.6967   11.7439    5.3309   94.9481
    1.6606   10.9370    6.5640   95.6313
    2.0360   11.3360    6.3350   95.9052
    2.0890   11.6937    6.3454   97.0806
    2.0563   11.5934    7.3130   97.9858
    2.1616   11.9666    6.1962   99.5277
    2.3431   12.8363    5.9660   99.3033
    1.0974   11.0221    6.9869  100.2132
    2.2110   11.8258    6.1025   99.7034
    1.6998   10.3707    5.9511   99.2150
    1.9925   10.6072    6.8574   99.2346
    1.8112    9.7335    6.6080  100.4162
    1.8299   10.6069    6.4708  102.0752
    2.0060    9.0755    6.2896  101.3492
    1.4280   11.0374    6.6379  101.7204
    1.5289   10.5010    6.8059  101.0998
    1.9167   10.8039    5.8894  103.0489
    1.8260   10.5611    6.4757  102.5808
    2.3220   11.4093    6.0095  102.1227
    2.1654   12.3317    6.1570  104.3765
    2.3000   10.2452    6.7060  105.5086
    2.2949   10.6996    6.1515  108.2650
    2.3187   10.4532    7.3538  109.8598
    2.6987    9.6697    6.4988  110.7831
    2.4013   10.6235    7.2196  110.5662
    1.5770    9.2445    6.7644  109.2947
    2.5074   11.4489    6.6203  108.9273
    1.8170   11.3171    6.1838  108.2508
    1.6184   11.6694    6.4421  109.6184
    2.0306   10.7741    6.3122  108.2869
    1.9892   10.2625    6.4964  106.6128
    1.8448   10.6858    5.8888  105.8759
    1.7967   11.4211    6.3259  103.4626
    1.9186   10.5845    6.4043  103.5213
    1.5150   11.2815    6.5952  103.9799
    2.1032   11.6594    6.8925  103.4826
    1.4820   11.7302    7.1149  103.5629
    1.7115   12.0550    6.3032  103.9761
    2.4195   11.3123    6.7638  105.3121
    2.1533    9.8298    6.9779  106.2480
    2.5336   11.2954    6.8946  107.2200
    1.7898    9.7443    6.6177  107.1538
    1.4468    7.8965    7.4338  107.5808
    1.2177   10.0494    6.7127  107.1892
    1.8551   11.6778    7.1390  106.8068
    1.7589   11.1637    6.4265  105.9834
    2.5346   11.1940    7.0719  105.6037
    2.0577   10.4976    7.2901  105.6777
    1.7334   10.7404    6.6507  105.3492
    1.6612   10.9952    7.2796  103.2528
    2.1620    8.4601    7.3609  103.9314
    2.3804    6.4730    6.3020  103.8201
    1.5707    7.4208    6.9234  105.9196
    2.0754    6.6462    7.3722  108.0606
    2.6380    7.1013    6.6882  110.2709
    1.7137    8.3056    7.1058  109.4878
    1.6693    9.5095    7.3078  108.9595
    1.6790    9.4942    6.9100  109.2434
    1.9329    8.6955    6.8095  112.6327
    2.1751    8.8338    7.1725  113.4417
    2.2406    8.1807    6.6430  113.7509
    1.8437    6.9822    6.7906  114.3999
    2.3391    7.1018    6.8080  114.5490
    2.8198    8.4268    6.9185  115.8178
    1.6937    8.1923    6.9919  116.0217
    2.7627    8.3220    7.4048  116.0316
    1.9580    8.5727    6.1376  116.1080
    1.9178    7.6856    6.7979  117.2893
    1.8440   10.3299    6.6261  117.3254
    2.4658    9.6739    7.1027  117.3365
    2.1259    8.9791    6.5980  118.5244
    1.9141    9.8179    6.7431  118.5446
    1.9126   10.1016    6.9145  119.5256
    2.0778    9.3602    7.1702  120.545